0.40720505623762715
0.03613688190056085
-0.041942465282840465
-0.05433760245328637
-0.052010247562382574
-0.04851455615477293
-0.03959274331249415
-0.03270072387003144
-0.029375630000028914
-0.022771148781454073
-0.019697056668020227
-0.016378147022237527
-0.013258122458800373
-0.011083932112601731
-0.008769085390989117
-0.007342808547454643
-0.0060297557583834155
-0.0048583437848420345
-0.003927866639170992
-0.0031847694159812846
-0.002691871805820123
-0.0021708762144620904
-0.0017824143664761938
-0.0015902796618521328
-0.0013577415592395774
-0.0011668887022742189
-0.0010999688612193849
-0.000998344380328985
-0.0009975393810995378
-0.0010113831133162338
-0.0009575967957082753
-0.0010232217072944504
-0.0009994288289978635
-0.00107468148854951
-0.0010620774532437577
-0.0011555242313710334
-0.001117973011588094
-0.0012491548853383872
-0.0011949156382364602
-0.0013559273196729553
-0.0014083169391251136
-0.00141128759846835
-0.00148492272903707
-0.0015213326685751055
-0.0014938202339632668
-0.0015481609976944134
-0.0015152729379478843
-0.0014380582702940726
-0.0015536055983926497
-0.0013571561123635685
-0.0014991841762145104
-0.001145269042474567
-0.0011745313594691297
-0.0008743807731701355
-0.0005949271223669551
-0.000436604599364069
0.0001389786170776514
0.00022881905860954423
0.0007105910650092214
0.0008544276360795513
0.0012016403277362265
0.0016921423120262562
0.0018466436857472064
0.0021744947747536296
0.0025629365864414952
0.0030310670306882776
0.0034876380889928703
0.0037490272115748235
0.004027790177310318
0.004377694381645309
0.0047668655685912335
0.005074937478239585
0.005752358886122177
0.005177311895581494
0.005979823246152692
0.006171917780113229
0.005613797704582565
0.007580541435862847
0.009197610018224668
0.005862751572155951
0.010078808537081678
0.007020676384063048
0.009462625798296766
0.009220634839059405
0.008333190348422108
0.008476365906219644
0.009514334857989812
0.007072944334198659
0.3864727163627312
0.007923041708906483
-0.052581193379086934
-0.05295809949966447
-0.04585358454967561
-0.03727840913934112
-0.028131486611559477
-0.021443055955882237
-0.016561932172879594
-0.011253220540665987
-0.007664999887857852
-0.005779781550851435
-0.0026886750864881423
-0.0014052650306766344
-0.0004243573480145432
0.001224782587271792
0.0006123077881178301
0.0033872857739106876
0.00220926911390066
0.0025036480453789014
0.004360984394284153
0.003970848743301443
0.0033622142019727073
0.0042665856776937195
0.0026978183877012225
0.002273255845285512
0.004679490347492509
0.0033157376165584037
0.0036393366958374063
0.003661835446738523
0.004056710531728394
0.0024434835142382746
0.0020790451497720804
0.0020152319592271926
0.0023198074783376136
0.0031622605464428945
0.0032535102454393735
0.002632636369456238
0.0025218863436309216
0.0011784930524883054
0.0011109907500536393
0.000491300678661992
0.0024689288689192187
0.002206186900741005
0.0030255951906008366
0.0018192660442394217
-0.0017398241523333402
0.0006513471492224107
0.0005005629796017619
0.0014419606247596565
0.0020887074997501644
0.0013245793382752518
-0.0022803274249466898
-0.0013441184844433544
0.0012384225466741628
0.0010445016825917069
0.0014149814343219149
0.00047591813072087307
-0.0030967316886842833
-0.002120283478771451
-0.0003978715467298273
0.0005296947774488076
0.0008861766329740485
-0.002269005614075451
-0.0034820090387453345
-0.0017233200991261769
-0.0004292839972727252
0.00012055443394040454
-0.0007900169946403657
-0.004262408421693542
-0.0032357740385693654
-0.0016567685295487086
-0.0007978470894830818
-0.0003588083893073161
-0.0017406412009695897
-0.005093716486332492
-0.004072490860899552
-0.0024888085581948943
-0.0016765238907269
-0.001277585311087613
-0.004313266581403004
-0.005244256777345447
-0.002840189254992713
-0.002751876067572452
-0.0022806004526800517
-0.0018828210946689825
-0.004624896432663021
-0.005631289703333193
-0.003288936519755014
-0.0031690572547493517
-0.0023976921878766976
-0.0024640375132904597
-0.005064278902584499
-0.0042339740843122505
-0.004676086272423209
-0.001626750262481397
-0.002164501228094667
-0.0010606913662742968
-0.003304438809925676
-0.007252540099260531
-0.005769311262577552
-0.005076954897485097
-0.39533071838631173
-0.006650599539821588
0.05983190413731766
0.06466326227928605
0.053395216340834335
0.043980930962358125
0.03115714037508386
0.023142547429193357
0.01784459243004665
0.013282665322170567
0.009876712714335833
0.006827323738293761
0.004037646989710083
0.001209780529714927
-0.0002447760487790313
-0.00018103799761682476
-0.0016720820385182425
-0.002410559437480577
-0.0027073455900092505
-0.0029423862724154595
-0.004003557632907315
-0.004759352193695737
-0.004208522271947958
-0.005007275729092735
-0.0050940407742530724
-0.004615990153187513
-0.0050247303916280735
-0.005124919874362064
-0.004994564530092998
-0.005372844761608472
-0.005368572930036556
-0.005839413725240407
-0.0046072580483929185
-0.00588971947697802
-0.005400271476641981
-0.004761843081577963
-0.006388495695885656
-0.004775132251373447
-0.004710170397042808
-0.38574713790691967
-0.007095601356841983
0.05362465657338172
0.05575467121922739
0.04800056694459544
0.03742377815672053
0.028832812409013975
0.021879220517435013
0.015701503557217663
0.011343923722006252
0.007545146938106661
0.0048505960726856956
0.0026501794311739007
0.00034214560662818857
-0.0005360128868970652
-0.002127720674649403
-0.0031566334932611657
-0.003451275630472665
-0.00471945106521994
-0.004518564709462591
-0.00428272590135386
-0.005698194163598352
-0.0045607393966051015
-0.004746928584389695
-0.005802390454221153
-0.004865000296168613
-0.0047415920173707075
-0.004973520656724406
-0.003750896318753402
-0.0030328047532150472
-0.003355237462872072
-0.001870710954172046
-0.0029152111032793057
-0.0012844191337628744
-0.0011981853616677503
-0.001309488432846792
-0.00042515008670521046
0.00026007347302491735
0.0007297258484805559
0.0019632202034508815
0.001748042854419096
0.0030099614219979897
0.0025268522004811473
0.0038916815086497175
0.0036610421286503783
0.004756643767625088
0.004711471936379943
0.005624213163991409
0.0065970120282337575
0.006703142724973179
0.007990757738708044
0.008082479305143745
0.008393348838019593
0.009777776352901335
0.00924110310477903
0.010171542072486403
0.010827723667688093
0.011296071073317022
0.012001389755548706
0.01155155010606211
0.013582692858127608
0.013225407164752028
0.013990332170982325
0.014455909013970732
0.013445672565984832
0.014957187463447557
0.01469324582014675
0.013070646646074465
0.014987542791036998
0.012291933149456811
0.013947957871668422
0.013536424635536394
0.011663187216025708
0.013239507526225644
0.015067107993978408
0.012098047658604042
0.014161776394113755
0.37236811551626026
0.0005712623103632037
-0.04267163951369632
-0.041688785543006555
-0.03612263753767521
-0.029351038777174668
-0.022860405527221534
-0.0175035267207137
-0.013641463430283936
-0.011408942463545983
-0.008590730501189522
-0.005745757601835057
-0.003360788211529652
-0.0025112664195846663
2.00050050140188e-06
0.0002206561888281253
-0.0011689000360379533
-8.618030214497334e-05
-0.0002599286979938018
0.0011513070210434544
0.0017802360108264107
0.0029049936133196206
-0.0001954626521857952
-0.0011953115484852385
0.00047299706036408234
0.0010348304765985398
0.0018938745326436124
0.0013029018870022431
-0.002399134576223404
-0.002564266520320458
0.00017381240950554625
0.00042159673336732465
0.0007375373400801737
-0.004784400740158976
-0.003056404330750231
-0.0022997086942561
-0.0009672909246088595
-0.0010679644558533729
-0.004403759926412897
-0.006644329175348214
-0.0036940544247414317
-0.002846484039633245
-0.002930499950514844
-0.0043174886280031395
-0.008993662967708602
-0.006119081034528371
-0.005081245600689631
-0.004803237647549881
-0.005254955748889055
-0.009603334797846707
-0.007989313215375401
-0.0066371962677726735
-0.00661177742641409
-0.0069122353841091395
-0.007655993432795423
-0.009665134648299146
-0.008244517924780799
-0.007510899761813376
-0.0074345333606655175
-0.007429553996484392
-0.007903650967371128
-0.00833119884960945
-0.008260907086679972
-0.007593985078435409
-0.007166888081778233
-0.007234526362151895
-0.0067769258652376745
-0.007166023624383327
-0.007439141710408141
-0.006571290267132528
-0.007072945359544458
-0.006697291339002658
-0.006237651089844834
-0.0061648809410227556
