0.2392892115545279
0.0422545321228892
-0.016359325582129228
0.00455566681803566
-0.01994174745396723
-0.017217570126679127
-0.02295484816594532
-0.022162805303142873
-0.0035542587585302237
-0.004929944372783985
-0.004834419892216839
-0.018806956616742258
-0.013707355102666552
-0.013866778583001083
-0.017168359739344337
-0.016296450110897004
-0.013862058268500432
-0.011200138306255682
-0.008988920526384205
-0.0072089697741552035
-0.0059737360915672515
-0.0046757765995060945
-0.0037375892047623155
-0.0031172876512177814
-0.002510126676087262
-0.002065061518303031
-0.0017828206429041113
-0.00151895365815305
-0.0013979751448333314
-0.001312844520068132
-0.0011807504627171965
-0.0011914274748862893
-0.0011261985851839984
-0.0011720708937253666
-0.0011333802145336552
-0.0012119528552315558
-0.0011590561340014162
-0.0012826467267871788
-0.0012189117318912124
-0.0013766669873992497
-0.001424825618525035
-0.001425105550519611
-0.0014964425912872353
-0.001531827825231386
-0.0015027876979666745
-0.0015562845648103571
-0.0015242237959184413
-0.001444182420137421
-0.0015629594798838096
-0.001364093354202357
-0.0015086084975633074
-0.0011525378907205508
-0.0011815633038657562
-0.0008802356425094343
-0.0005981383704761164
-0.0004379129268828199
0.00014118434308453076
0.00023226372034390266
0.000716885075551637
0.0008589852461549409
0.0012074848474123334
0.0017005713249996026
0.0018547060630657386
0.0021822597854669963
0.0025709975600887933
0.0030403362842718975
0.0035000418191905064
0.0037613565587621424
0.004039832307442536
0.004389572511049047
0.0047777923998502
0.005086030829699979
0.005768304852935382
0.005195728926005765
0.006012428093447534
0.0053268813502865345
0.006434505235368468
0.007792745186257437
0.009358184166144872
0.005905016066345617
0.010173008369772571
0.0067672999611867535
0.00971225015666374
0.008803661550887075
0.007879936698387206
0.009035686958270794
0.009271091782293921
0.007451520740835838
0.11695522285171422
0.04578223371966575
0.016239844902770483
0.003984995581734756
0.0090229950095537
0.0002801088326780963
0.0005720972234037072
-0.0030656076197268694
-0.0002826764519508035
0.00434093680029514
0.0014422257775116992
-0.0036548915811275054
-0.0008907095562256712
0.0007707683268825902
-0.0001377009492988884
-0.0008002558610616094
-0.0007609251667262982
-0.0026593044197330057
-0.004150639022721273
-0.006215644022106274
-0.0021109148085153876
-0.003247081107406862
-0.00277259481286796
-0.0007306085132687203
-0.0012038478074444879
-0.0007861745535735732
0.0021950970401177585
0.0013685807956823788
0.002085384709288088
0.0024741313811686926
0.003121209366692983
0.0017339361942983417
0.0014687587160873003
0.001507366865052155
0.0019256508472716013
0.002866693091072941
0.003048580764836785
0.0024862125519898633
0.0023921448699604133
0.0010484078042108263
0.0009801685809885865
0.0003593386423230113
0.0024180306738455343
0.0021998319457900853
0.0030302175344724142
0.0018175813686057522
-0.001840970869258641
0.0005792269915681153
0.0004663303346317074
0.001457194814053307
0.00212753619949395
0.0013474793393980554
-0.002362921589571496
-0.0014314735837961132
0.0012370248661464688
0.0010852714997615746
0.0014650895318255568
0.0005011480594815638
-0.003178275383482746
-0.002205528556210665
-0.0004034220318702868
0.0005722573386246777
0.0009398551202600757
-0.0022888222895581125
-0.0035774411602150975
-0.0017620754813848555
-0.00040030983195454644
0.00017453572907588
-0.0007572995660139786
-0.004335549442073786
-0.0033136831770602783
-0.0016555424539160496
-0.0007527617703510202
-0.00031288258693273695
-0.0017172179254589073
-0.005173377804760784
-0.004155162168503447
-0.0024940355854714043
-0.0016395049574668816
-0.0012387903798052086
-0.004334205046751789
-0.005334169819941055
-0.002862409949095949
-0.0027319913975713496
-0.0022410066285117017
-0.0018464929776630054
-0.004651459039227754
-0.00571218402699052
-0.0033121460603497237
-0.0031495300757086444
-0.002361083249703344
-0.0024293263894180524
-0.005078930159895997
-0.004286386219065718
-0.004130246196866013
-0.002057441109697819
-0.0023583496074503774
-0.001129965742969168
-0.003356714418719042
-0.007374007175527084
-0.006414829305257484
-0.005139679895583465
-0.1138155439424651
-0.05258792803612169
-0.018583364354311287
-0.007290066179196641
0.00351139721352331
0.002832238960382605
0.0027992092033058743
0.0045924104026766124
0.007812426196762565
0.00434069856530949
0.0034245614979754387
-1.1303482933667296e-05
0.002346956764597773
0.003281290943470169
0.0044042316294405845
0.008380413894028417
0.0022428251452508473
0.003923845991205747
0.004701694818158145
0.0054268918311033395
0.0030513371436417815
0.0007806038302101948
0.0002442443530718457
-0.0015915235792554985
-0.002456082554473834
-0.0025513975866119426
-0.0034419150774793366
-0.003905304445790293
-0.004064297565516941
-0.004663434830818563
-0.004912518173565772
-0.005445904550942441
-0.004464111211905795
-0.004183522471495044
-0.005075729735579561
-0.006378247483503342
-0.006151370098266801
-0.004771223557749869
-0.004661756587473963
-0.12471636905290659
-0.055963290253956945
-0.018221292848426864
-0.007632077556848824
0.0022378812090464396
0.001338738749743968
0.0008223552759126067
0.005811384411451612
0.002725925923208033
0.001721908757345875
0.0016433988679314688
0.001733549720830228
0.0021201139340599733
0.0024855838718664787
0.0035771064451559542
0.007183510885832238
0.0036220147833733135
0.0027897762938769717
0.0032557523447421413
0.0021725531996334966
0.0010865791868687538
-0.0013057014722863735
-0.0012194283673835717
-0.002084948684939221
-0.0037230882787348285
-0.0032759558584791342
-0.003506565158961096
-0.004014429730828294
-0.0030057545296644983
-0.0024054485605686186
-0.002879647020851073
-0.0014607039920067084
-0.00259922283123784
-0.0010240649469612504
-0.0009700541867707824
-0.0011587980015723446
-0.00029279313149210086
0.00039411676572227516
0.0008292030285284511
0.0021019374428920233
0.001844103194130847
0.0031349031867527635
0.002608635137661715
0.003979063105574572
0.0037255913603576134
0.004828611333701533
0.004762722215918032
0.005687411466371574
0.006671563236639342
0.006777754130927188
0.008086865513116616
0.008159892148015059
0.008465843729634093
0.009879823536058839
0.009314742433167338
0.010237530921268712
0.010910592610058676
0.011382708240114918
0.012098558845125985
0.011629257788984382
0.013704436245107343
0.013338886660704272
0.014123884223381438
0.014596176411158433
0.013547034316676731
0.015075172213818124
0.01481596630915433
0.013123905761568595
0.015073452391417684
0.012123519566885716
0.014259040427193287
0.013560499016419278
0.0112229153923059
0.010430776956310393
0.018349801770473118
0.01190040345144652
0.012910417672402186
0.14493824892015
0.05413974836236625
0.023240526246360547
0.009442825603125331
0.0010416151446287253
-0.004922197994999775
-0.00188378727841224
-0.0008161093686890933
-0.003986448169279992
-0.002624035933728178
-0.006791353055740439
-0.0024791495567500913
-0.005160447096208458
-0.003868053399507076
-0.0026466839968747064
-0.0032714836600318442
-0.004369362137137355
-0.00692342018444165
-0.006730893007378571
-0.004257515199198605
-0.0026601690469294764
-0.0007254832874109042
-0.0030546951802759913
-0.0036303586885661756
-0.0015028309662978808
-0.0004995014787606462
0.0007071777165914592
0.0003205986616675183
-0.003328674417400823
-0.0033880741916751615
-0.00037754983948254335
6.464842004234124e-05
0.000453390340064424
-0.005218361783294781
-0.00345388899973036
-0.0025056579375333484
-0.0010627365468129984
-0.0011223965378541016
-0.004571602044381686
-0.006961199106432965
-0.00382502121518346
-0.0028503512708603945
-0.002908902345739573
-0.004347788290282893
-0.009278000194554027
-0.006274224557712619
-0.005098608421173659
-0.004791068339425542
-0.0052392151387075534
-0.00979964174464917
-0.008162062871989405
-0.006689525637124068
-0.00661892909931231
-0.006908694001233587
-0.007697039384548828
-0.0098222966444721
-0.00835240242964265
-0.007544842414305944
-0.0074385940686154004
-0.007421761144402626
-0.007915883840572601
-0.008379010360655246
-0.008321458516963242
-0.0076216485843844835
-0.007158126486049454
-0.007217955991291222
-0.006746013523948029
-0.007156773185532307
-0.0074559929561202505
-0.006556255277932903
-0.007081739285034885
-0.006702714871369995
-0.006217275230243644
-0.006138067707053997
