0.16268429649354105
-0.01374010552655445
-0.0268991670941396
-0.044404515262782204
-0.011126603253721038
0.003993529089220578
0.007390676080384417
-0.008941571254812099
0.03431139457092335
0.051114788209320146
-0.019201406464076434
-0.03705015191861851
-0.02697837806915797
-0.013803735815737813
-0.014908332573441265
-0.010260680825948793
-0.0063241757298552245
-0.0033723622557567134
-0.0022522911276701887
-0.002105428370816642
-0.0018646957518539693
-0.00155826400883401
-0.0013858147512209754
-0.0013284571125924461
-0.0013386807767917827
-0.0007817754007273055
-0.0006476639966905191
-0.0017108410254740032
-0.0018861257413250404
-0.0018542872718445439
-0.001801392556351774
-0.0017459048070120298
-0.0015670108772714443
-0.0006868558634516395
-0.0010188781692598682
-0.001397715962276323
-0.0010940180079889504
-0.0006154381520541576
0.0002690346041380154
0.0007509370392891611
0.0015609248543753992
0.0017428879287309583
0.003296783446347159
0.002244210212906791
0.004171849266019424
0.0035091221202882923
0.004972116499536267
0.004907837742663964
0.0067092905109676125
0.002805875400676763
0.009180076829478207
0.006774599095427088
0.008449657214656146
0.009114261928962284
0.009480023827747925
0.009240567520599615
0.002098160147646255
0.007087761154305321
0.006934695904569839
0.01295706994244885
0.013381358965254487
0.005623631396932167
0.011090053739554013
0.011250505275949979
0.0027675712341903866
0.004978670688890231
-0.0021166512592268602
0.02503444557547013
-0.003384239183165763
0.006275361289971882
0.021825921669441486
-0.003006722399122817
0.015330507996076789
0.020683848150005686
0.017045282111103455
0.016762445487163817
0.04394447771965081
-0.02822246609928369
-0.007400883296509016
0.08042094046424837
-0.02836053120479856
-0.02885542805211416
-0.022627683006991767
-0.016098463760222278
-0.008712961677095584
-0.005711870263925321
-0.005832660037747512
-0.003837309173449419
0.00043488896176879316
0.0009513932893316377
-0.0008547843893975024
-0.0032453824829516897
0.0008760558128156745
0.0009811950183382058
0.0006046223734258382
-0.0029993475167275087
0.0006664181287911609
0.0006247781218114187
-0.002152955540640204
-0.0012474863113675029
-0.00014701025112211856
0.00043569898741754084
-0.0029989810767672665
-0.0028700919992681556
-7.371091278460971e-05
-0.001706591950907749
-0.004569203811044986
-0.0010865918730043422
-0.0005802154206717875
-0.0026296284028572816
-0.00517119420824837
-0.0021082028434398887
-0.00048123571880519326
-0.0019922496370200233
-0.006877397596910515
-0.0025585874829883314
-0.0028036955291545385
-0.0025887789958773284
-0.007374951316237272
-0.0022844518736357547
-0.002355500428294308
-0.009340924796715602
-0.006462072119172539
-0.000851593779279823
-0.0042006762989949455
-0.004579351407382628
-0.011786307118352513
0.0006631989908639186
-0.008370232810181543
-0.008405619986421546
0.0009450091055865652
-0.021337683997356943
-0.008747343440288333
0.001598557723578724
-0.023302451032173745
-0.014202414007960108
-0.020647696750107827
-0.06459236997391556
0.0173767288051556
-0.09157501767506884
0.07614335796012227
0.035743328199078286
0.020876167622395306
0.009311724863982438
0.002974468628147756
0.001460496689722624
3.983839121399732e-07
-0.0017776427662836516
-0.002686958129534296
-0.004799116056467384
-0.0038316258294212742
-0.004052276407502733
-0.0036838094431488715
-0.004948269886036847
-0.0013435050073167278
0.0015198998309942139
-0.000865449381746034
-0.006700130216223236
0.0066481920633929366
0.00156727280843001
-0.0009707756179145014
0.013265913666377055
0.010008719744999188
0.05722355012850651
0.053419392634193374
-0.08122024859506059
-0.02908972534020379
-0.06983353164742193
-0.027964015093464512
-0.01539247774154723
-0.012505998985431385
-0.009151556726082286
-0.0070574132573985645
-0.004670693687197762
0.0016571506552591957
-0.002871638110000454
-0.004003043663726259
-0.0014633087183989044
-0.003243745095801128
-0.006415239915998665
-0.6224124386558322
0.7113323845855186
-0.7396595010752578
0.6219735145941881
0.14228496209009606
-0.002188754514343382
-0.023628977933830734
-0.017440845749868285
-0.011809997715322386
-0.00443803809132546
-0.012785491406374177
0.0019340328734400915
-0.052464976012727135
-0.08545565772336738
0.12053612240276901
0.064006274379621
0.05211102606652729
0.041101429965806215
0.02834475105940907
0.016570628637027
0.008830244456306606
0.012651342603594485
0.014028262738168058
0.018311177039374283
0.01553766038425876
0.006154535534207455
0.017991783450471886
0.013277858080040133
0.010375429266757899
0.004052646706542944
0.020876443095297906
0.02797817088624469
0.023647454480566616
0.0257960372585994
0.039756538040513746
0.08322717640785691
-0.059466552927039056
-0.030219145165470206
-0.01667238995346692
-0.021096522487235425
-0.013301523182345221
-0.009188889303694495
-0.006369856388230716
-0.005499084302255258
-0.004712896417285778
-0.005218321257639804
-0.0025858874825497526
-0.004633913551130419
-0.003725958773941577
-0.0032072155976663234
-0.0037662986893927538
-0.0042567344487462085
-0.00614980122968817
-0.0040768009641689714
-0.005108829117173398
-0.008191643133637428
-0.005259504141708105
-0.005894983526307006
-0.008259494199939607
-0.008542613434598357
-0.006890675617904049
-0.0073197237125965575
-0.00847332417539193
-0.008615870150830054
-0.006851897262875688
-0.00736996407895272
-0.007957098431065323
-0.009484011794698143
-0.006401868151360762
-0.0059523861278040855
