0.2081794159341728
0.0004113346042454099
-0.03750691514348297
-0.01890580612604177
-0.01304765366925191
-0.012695758892524903
-0.01391255217225971
-0.00015349392110969404
-0.025761362359467754
-0.020172500142418996
-0.011492525645360656
-0.012165467182030078
-0.008179403701539639
-0.004232586244918464
-0.004566721000376999
-0.003288616982703334
-0.0022265572974263857
-0.001281740804086667
-0.0009808082591754126
-0.0012072706355491672
-0.0012302689944055313
-0.0011914369524843847
-0.0011889461217874779
-0.001224198144779668
-0.0012821626379553403
-0.0007582286398176199
-0.0006393918646210894
-0.0016933468158386775
-0.0018671719496159628
-0.0018399524486324252
-0.0017910699455562138
-0.0017373610419527266
-0.0015591601362424786
-0.0007201392801135485
-0.000978217812641882
-0.0013884518434475331
-0.0010855203042258567
-0.0005479670058031552
0.00017657045165105613
0.0006598713903650106
0.0016392518401885422
0.0017856788367101013
0.0032275545200337406
0.0028436082897028607
0.0038700092692284175
0.003079344215710751
0.005381356716440765
0.004470456204350611
0.007081506796134811
0.0026811816302376662
0.00863753964684545
0.006786880425043851
0.00874700835566199
0.00897635808090566
0.009660950711175781
0.009325578034858745
0.0019008875517705361
0.007375678614037277
0.01047474837401292
0.11354026963288806
0.03570103058315825
0.0035220144158818185
-0.0040768773600088236
-0.007529323664136029
-0.004349811487287783
-0.00671726787356235
-0.006035876573757109
-0.00424962459814713
-0.002264371344568386
-0.0007595019062370409
-0.0007555700871622194
-0.005255465719555068
-0.004709481685448301
0.00033064909356268594
0.0017327575587078798
0.002359990403488732
0.001290781557313095
7.227193377401967e-05
0.0009999610699682688
0.004753232891058911
0.004055728697081743
0.0026619975743590305
9.992050835702257e-05
0.000613117209136864
0.004116786686713467
0.0026568231874869014
-7.598004028856379e-05
0.00016488926063982639
0.0035157778151320837
0.0030675151347577746
0.0005107823221706284
-0.0024698753606168626
0.0015635438376809484
0.001540885291364276
0.0009463627252241639
-0.002932830778921182
0.000851963791254443
0.0008193215326602374
-0.00216659438738148
-0.0012340028810114202
-4.823144150509653e-05
0.0005274877155934137
-0.003071705030900411
-0.002953478083164967
1.2778304250072583e-05
-0.0016761491309926163
-0.004701328437420208
-0.0010519707374781636
-0.0004914478193390234
-0.002619853419395011
-0.005323728571249974
-0.001856127069325917
-0.0006105316610447105
-0.002155951871423537
-0.007077730772669213
-0.0024887077683787297
-0.002617750728315884
-0.0027039109070969023
-0.007504342770261175
-0.00238790009587286
-0.005465433605452158
-0.007274285381934209
-0.007245555793667763
0.0049968716567406575
-0.008122651768652076
-0.0015358894494858714
-0.01465264430932119
-0.08361296865590433
-0.02205718712474541
-0.007272966437163388
-0.0013182033670925586
0.0050062280330548424
0.0033526110418988985
0.0029600425791077097
0.0034986527339080863
0.004526891566099742
0.005868588382031962
0.006321668291552086
0.005057214137791126
0.006914330854672301
0.0038414149173262233
0.0007400631049861203
-0.0019651913975616475
-0.005051395006998677
-0.003777545521689833
-0.004935332316275597
-0.004912217789973258
-0.004344456234616441
-0.003233453889430531
-0.006444980220312369
-0.0052627485222312715
-0.00473008077564068
-0.004049688765854536
-0.10017764636708505
-0.026631665119255705
-0.009470935470477618
-0.002998212914181331
-0.000414692073724199
0.006963073214005594
0.0016706750628744458
0.0005940554631296247
0.0008714794851609627
0.002259818847365444
0.0036843289184077155
0.004347856824188131
0.0049563468162157915
0.002095046294734662
-0.00025039171665684084
-0.0017907919426627748
9.33274075094817e-05
-0.004071430789072416
-0.004547964387921836
-0.0038107818743690616
-0.0029099522354727094
-0.0017548042800237392
0.0014207499472336565
0.0005462579262658296
-0.0009936378239342872
5.7686269100084375e-05
0.0013495954945442268
0.0025345200809990852
0.003613867876125477
0.007145521545635773
0.0043585146898507884
0.00456544755719321
0.00435991743357374
0.008189836106238153
0.009508517067610104
0.010396084133431132
0.011233736977029164
0.010140585059663643
0.011070195919600003
0.011380364783679679
0.00918331385772234
0.01875825423214683
0.012396840121782115
0.01940649322451494
0.0167333965833319
0.014250489732521831
0.014137622685903264
0.009069069912242404
0.018552095515569213
0.012617871730719646
0.0070649368951531955
0.1112207128885361
0.025309572691254785
0.007133219566763292
0.002037464627278473
0.0008690209782343513
0.0003152902711690429
-0.006678713717715275
-0.003512200589962638
0.0005567531688813989
0.000431486545298137
-0.00039085405989357783
-0.003123813323582085
-0.00932157930868884
-0.006921709468333737
-0.0023745855453263113
-0.002733518065242285
-0.0018244054882152563
-0.003101072541295167
-0.00026677201341452874
-0.0004914856745970153
-0.004166540938496273
-0.0008685664386147625
-0.00043745765353607864
-0.003870276511361401
-0.004460330673891199
-0.0023310353379962247
-0.0025321912601720844
-0.006709885613670066
-0.00404381557205786
-0.004032717758544942
-0.007110902784292573
-0.00725203645683782
-0.005011704432554687
-0.007071161018742908
-0.009275875832539722
-0.007151091670979782
-0.007153671230874208
-0.007519654390695937
-0.008411616661429474
-0.008821521910693957
-0.00697053207031129
-0.007494968178166514
-0.008208943468029353
-0.009010283437493542
-0.006081875012470353
-0.006029941945978229
