[0.00057966]
[0.22996817]
[0.23042229]
[0.18851009]
[0.16714134]
[0.15222373]
[0.13754227]
[0.12127145]
[0.12108993]
[0.09028401]
[0.06589867]
[0.05185647]
[0.03683271]
[0.02662466]
[0.02128696]
[0.0154681]
[0.01123474]
[0.00833941]
[0.00666149]
[0.00537752]
[0.0037971]
[0.00218656]
[0.00062686]
[-0.00092958]
[-0.00253216]
[-0.00421063]
[-0.00520322]
[-0.00604025]
[-0.00825699]
[-0.01070129]
[-0.01310996]
[-0.01545463]
[-0.017729]
[-0.01977008]
[-0.02071281]
[-0.02199339]
[-0.023811]
[-0.02523204]
[-0.02594938]
[-0.02571823]
[-0.0248544]
[-0.02270847]
[-0.02037085]
[-0.01614568]
[-0.01242313]
[-0.00735692]
[-0.00332577]
[0.00371896]
[0.00957122]
[0.01884167]
[0.02235158]
[0.0336591]
[0.04254384]
[0.05399467]
[0.06574576]
[0.07839309]
[0.09060136]
[0.0930898]
[0.10274536]
[0.1164581]
[0.26553453]
[0.31228413]
[0.31689478]
[0.31155776]
[0.30170106]
[0.29600674]
[0.28721313]
[0.27931155]
[0.27374839]
[0.27078411]
[0.26978986]
[0.26880075]
[0.26192082]
[0.25575565]
[0.2561885]
[0.25845684]
[0.26154628]
[0.26323604]
[0.26333065]
[0.26463969]
[0.27086213]
[0.27617147]
[0.27965627]
[0.27978708]
[0.2805897]
[0.28597897]
[0.289457]
[0.28935754]
[0.28957339]
[0.29417588]
[0.29819154]
[0.2988602]
[0.29562691]
[0.29767373]
[0.29969089]
[0.30092976]
[0.29709041]
[0.29820571]
[0.29927828]
[0.29644201]
[0.29482659]
[0.29476345]
[0.29545398]
[0.29143283]
[0.28756645]
[0.28758317]
[0.28538894]
[0.27923444]
[0.27785732]
[0.27721397]
[0.27378434]
[0.26681505]
[0.2643852]
[0.26358596]
[0.26076362]
[0.25149812]
[0.24824017]
[0.24481329]
[0.24127362]
[0.23144963]
[0.22832365]
[0.22116885]
[0.21164603]
[0.20216083]
[0.20870222]
[0.19806877]
[0.19605815]
[0.17687556]
[0.06724231]
[0.03836422]
[0.02884313]
[0.02711748]
[0.03367112]
[0.03806001]
[0.04193498]
[0.04651505]
[0.05244119]
[0.06012377]
[0.06839948]
[0.07501987]
[0.08407146]
[0.08910024]
[0.09006905]
[0.08749643]
[0.08088366]
[0.07593849]
[0.06947766]
[0.06304708]
[0.05735977]
[0.05312687]
[0.04468973]
[0.03780027]
[0.03160813]
[0.0263067]
[-0.10513829]
[-0.14000725]
[-0.15240582]
[-0.15633077]
[-0.15687364]
[-0.14775824]
[-0.14557117]
[-0.1447935]
[-0.14365265]
[-0.14069434]
[-0.1358712]
[-0.13017944]
[-0.12369109]
[-0.12094848]
[-0.12127627]
[-0.12362058]
[-0.12349841]
[-0.1288283]
[-0.13478203]
[-0.1397707]
[-0.1435801]
[-0.1458773]
[-0.14401741]
[-0.14330231]
[-0.14460307]
[-0.14452756]
[-0.14276081]
[-0.13944289]
[-0.134712]
[-0.12535775]
[-0.11965203]
[-0.11367542]
[-0.10796786]
[-0.09724646]
[-0.08479869]
[-0.07118893]
[-0.05648252]
[-0.04320726]
[-0.02871495]
[-0.01381658]
[-0.00179455]
[0.0227637]
[0.03899286]
[0.06439993]
[0.08630687]
[0.10496293]
[0.12347122]
[0.13534368]
[0.15963198]
[0.17615053]
[0.18539928]
[0.33141262]
[0.36455004]
[0.37388818]
[0.37655541]
[0.37769304]
[0.37810578]
[0.36936265]
[0.36476484]
[0.36549368]
[0.36605854]
[0.36554688]
[0.36145751]
[0.34925447]
[0.34019323]
[0.33708467]
[0.33350624]
[0.33111793]
[0.32705833]
[0.3267091]
[0.32606571]
[0.3206113]
[0.31947427]
[0.3189016]
[0.31383504]
[0.30799603]
[0.30494449]
[0.30162962]
[0.29284568]
[0.28755193]
[0.28227272]
[0.27296379]
[0.2634701]
[0.25690929]
[0.24765239]
[0.23550918]
[0.22614764]
[0.21678273]
[0.20693869]
[0.19592694]
[0.18437856]
[0.1752534]
[0.16544167]
[0.15469525]
[0.14289975]
[0.13493796]
