[0.00057966]
[0.17913962]
[0.16396988]
[0.13391606]
[0.08370812]
[0.07098701]
[0.075605]
[0.08424817]
[0.07367416]
[0.11470922]
[0.17653021]
[0.1530676]
[0.10729958]
[0.07362492]
[0.05621639]
[0.0372195]
[0.02401088]
[0.01578708]
[0.01137234]
[0.00842388]
[0.00566768]
[0.00322662]
[0.00118671]
[-0.00062745]
[-0.00236652]
[-0.00411897]
[-0.00514239]
[-0.00599024]
[-0.00822989]
[-0.010699]
[-0.01312643]
[-0.01548462]
[-0.01777017]
[-0.01982153]
[-0.02072069]
[-0.02205449]
[-0.02388423]
[-0.0253164]
[-0.02612207]
[-0.02576988]
[-0.02478683]
[-0.02274344]
[-0.02046184]
[-0.01614604]
[-0.01320816]
[-0.00774681]
[-0.00315303]
[0.00335596]
[0.0097808]
[0.01856396]
[0.02223711]
[0.0342549]
[0.04312356]
[0.05418511]
[0.06611674]
[0.07852721]
[0.09062419]
[0.09337087]
[0.1026495]
[0.11172775]
[0.12869039]
[0.14620853]
[0.15357043]
[0.16808872]
[0.18281709]
[0.1864401]
[0.19295767]
[0.19018677]
[0.22296387]
[0.21853358]
[0.22674867]
[0.25532392]
[0.25138784]
[0.27145795]
[0.29853765]
[0.32085297]
[0.34279795]
[0.40035083]
[0.36339829]
[0.35370974]
[0.45914489]
[0.4220115]
[0.38422989]
[0.3546047]
[0.33352909]
[0.32212284]
[0.31464542]
[0.30700988]
[0.30198648]
[0.30255579]
[0.30380125]
[0.30268226]
[0.29843374]
[0.29958058]
[0.30086506]
[0.30165656]
[0.29773013]
[0.29860254]
[0.29942043]
[0.29660201]
[0.29496894]
[0.29477649]
[0.29534686]
[0.29142091]
[0.28766369]
[0.2875672]
[0.28533311]
[0.27935158]
[0.27792913]
[0.27716958]
[0.27372715]
[0.26695754]
[0.26419771]
[0.26356773]
[0.26095969]
[0.25195645]
[0.24860703]
[0.24493673]
[0.24154777]
[0.23189317]
[0.22890261]
[0.22581905]
[0.21359068]
[0.20513116]
[0.20401635]
[0.19851726]
[0.19252244]
[0.1770926]
[0.17796079]
[0.16700321]
[0.15599931]
[0.15723642]
[0.12930052]
[0.11784925]
[0.11994191]
[0.08943307]
[0.07083996]
[0.0438076]
[-0.04083091]
[-0.01808161]
[-0.13819327]
[-0.0383816]
[0.00842342]
[0.03575496]
[0.0479451]
[0.05183896]
[0.05375088]
[0.0537514]
[0.05142431]
[0.04790683]
[0.04162431]
[0.03660835]
[0.03130353]
[0.02648108]
[0.0200033]
[0.01824453]
[0.02023422]
[0.01910127]
[0.0103301]
[0.01903328]
[0.02108498]
[0.01981415]
[0.03718114]
[0.05028376]
[0.12525105]
[0.19522783]
[0.08874158]
[0.05065307]
[-0.04086802]
[-0.07748205]
[-0.0976333]
[-0.11400537]
[-0.12598583]
[-0.13522473]
[-0.14133912]
[-0.13916976]
[-0.142929]
[-0.14816937]
[-0.15008497]
[-0.1543169]
[-0.16271511]
[-1.05576115]
[-0.01327517]
[-1.11663726]
[-0.23120714]
[-0.04407225]
[-0.04693753]
[-0.07787399]
[-0.10070724]
[-0.11616809]
[-0.12197792]
[-0.13871592]
[-0.13618409]
[-0.20490902]
[-0.31696644]
[-0.15864481]
[-0.07477575]
[-0.00651505]
[0.04731138]
[0.08442409]
[0.10611792]
[0.11767772]
[0.13424009]
[0.15260519]
[0.17657804]
[0.19691938]
[0.20497629]
[0.22853093]
[0.24591356]
[0.25949627]
[0.26480158]
[0.29213348]
[0.32876604]
[0.3597267]
[0.39350122]
[0.44556507]
[0.55469085]
[0.47678036]
[0.43721244]
[0.41538537]
[0.38776528]
[0.37035167]
[0.35832234]
[0.34998354]
[0.34278469]
[0.33661505]
[0.32978375]
[0.32639858]
[0.32033234]
[0.3154547]
[0.31125616]
[0.30632571]
[0.30075324]
[0.29270252]
[0.28736559]
[0.28067763]
[0.26995386]
[0.26306865]
[0.25535152]
[0.24453892]
[0.23335567]
[0.22433505]
[0.21475275]
[0.20366022]
[0.19238107]
[0.18341121]
[0.17376314]
[0.16334642]
[0.15093073]
[0.14255003]
