[0.00057966]
[0.30840139]
[0.33490097]
[0.30389676]
[0.26340256]
[0.2243422]
[0.18762768]
[0.15743993]
[0.13231959]
[0.10958368]
[0.09182835]
[0.07635583]
[0.06339545]
[0.05282709]
[0.04392745]
[0.03683552]
[0.0308544]
[0.02590777]
[0.02189387]
[0.01862587]
[0.01595761]
[0.01368664]
[0.01184258]
[0.01031813]
[0.00894875]
[0.00777171]
[0.00675334]
[0.00579336]
[0.00492208]
[0.0040515]
[0.00316884]
[0.00233312]
[0.00144013]
[0.0005679]
[-0.00037001]
[-0.00129691]
[-0.00230537]
[-0.00328106]
[-0.00437123]
[-0.00541406]
[-0.00659742]
[-0.0078265]
[-0.00905817]
[-0.0103541]
[-0.01168181]
[-0.01298551]
[-0.01433663]
[-0.01565905]
[-0.01691408]
[-0.01826996]
[-0.01945439]
[-0.02076277]
[-0.02176227]
[-0.02278732]
[-0.02355042]
[-0.02406962]
[-0.02445066]
[-0.02432937]
[-0.02412967]
[-0.02350952]
[-0.02276384]
[-0.02171514]
[-0.02023836]
[-0.01862674]
[-0.01672899]
[-0.01449225]
[-0.01184695]
[-0.00880318]
[-0.00553129]
[-0.00201612]
[0.00180443]
[0.00596463]
[0.01039369]
[0.01541397]
[0.01993238]
[0.02515118]
[0.03053763]
[0.03543698]
[0.04205281]
[0.05007997]
[0.05519659]
[0.06399285]
[0.07012006]
[0.07837852]
[0.08642577]
[0.09369849]
[0.10109617]
[0.10939976]
[0.11557259]
[0.46479415]
[0.4717089]
[0.42579066]
[0.37954285]
[0.33950581]
[0.30696153]
[0.28240594]
[0.26369002]
[0.24923506]
[0.23941378]
[0.23272423]
[0.22768002]
[0.22533354]
[0.22410712]
[0.22373678]
[0.22480568]
[0.22534006]
[0.22829624]
[0.23022433]
[0.23240934]
[0.2362153]
[0.23968078]
[0.24261509]
[0.24633867]
[0.24869313]
[0.25067707]
[0.25476101]
[0.25765475]
[0.26083091]
[0.2640267]
[0.26756712]
[0.26969961]
[0.27151406]
[0.2732728]
[0.27529737]
[0.27805716]
[0.2808966]
[0.28319418]
[0.2853951]
[0.2864236]
[0.28739319]
[0.28782196]
[0.28997667]
[0.29190207]
[0.2945426]
[0.29613032]
[0.29461193]
[0.29518038]
[0.29561723]
[0.29687567]
[0.29869854]
[0.29985454]
[0.29786443]
[0.29669138]
[0.29777219]
[0.29868376]
[0.29991865]
[0.300334]
[0.29763139]
[0.29578096]
[0.29543372]
[0.295896]
[0.29666939]
[0.29468917]
[0.29165031]
[0.29014633]
[0.28977168]
[0.28987689]
[0.28918742]
[0.28546748]
[0.28264353]
[0.28119762]
[0.28050132]
[0.28018818]
[0.27866907]
[0.27422362]
[0.27066943]
[0.26849738]
[0.26703423]
[0.26591924]
[0.26215492]
[0.25757809]
[0.25509937]
[0.25269773]
[0.25070738]
[0.24906419]
[0.2450279]
[0.24011329]
[0.23724293]
[0.2344772]
[0.23238467]
[0.23023423]
[0.22581447]
[0.22211935]
[0.21803839]
[0.21661868]
[0.21472965]
[0.21380396]
[0.21092008]
[0.20459051]
[0.19955544]
[0.19512461]
[-0.16268459]
[-0.16848881]
[-0.11622884]
[-0.05974113]
[-0.01311109]
[0.02528936]
[0.05248712]
[0.07268674]
[0.08826134]
[0.09985396]
[0.10847383]
[0.11443228]
[0.11795606]
[0.11901187]
[0.11879825]
[0.11864025]
[0.11718098]
[0.11507721]
[0.11271443]
[0.11014653]
[0.1066525]
[0.10249886]
[0.09882596]
[0.09445594]
[0.09001021]
[0.08598169]
[0.08159644]
[0.07712376]
[0.07276484]
[0.06807578]
[0.06339045]
[0.0582942]
[0.0542733]
[0.04913314]
[0.04442014]
[0.04026433]
[0.03468886]
[0.03052145]
[0.02641074]
[-0.32210919]
[-0.32830179]
[-0.28147111]
[-0.23277767]
[-0.19086406]
[-0.15819278]
[-0.13302478]
[-0.11392809]
[-0.10022418]
[-0.09032374]
[-0.08373879]
[-0.07950552]
[-0.07719264]
[-0.07689404]
[-0.07736183]
[-0.07921875]
[-0.08197364]
[-0.08498567]
[-0.08910448]
[-0.09304798]
[-0.09678564]
[-0.10175865]
[-0.10573895]
[-0.10988175]
[-0.11494569]
[-0.11919153]
[-0.12332967]
[-0.12767022]
[-0.13094374]
[-0.13359056]
[-0.13651877]
[-0.1381514]
[-0.14069558]
[-0.14181653]
[-0.14286222]
[-0.14400505]
[-0.14437609]
[-0.14414912]
[-0.14351226]
[-0.14179891]
[-0.14027334]
[-0.13764646]
[-0.1354412]
[-0.13204482]
[-0.12884971]
[-0.12469844]
[-0.12058659]
[-0.11567815]
[-0.1099207]
[-0.10407062]
[-0.09709677]
[-0.09004286]
[-0.08271764]
[-0.07418412]
[-0.066119]
[-0.0572418]
[-0.0477919]
[-0.03793322]
[-0.02745893]
[-0.01737727]
[-0.00552278]
[0.00601986]
[0.01823015]
[0.03084682]
[0.04258172]
[0.05563593]
[0.06845977]
[0.07986733]
[0.09294804]
[0.10367592]
[0.11584923]
[0.12766333]
[0.13784243]
[0.14939738]
[0.16254754]
[0.17310619]
[0.18546613]
[0.52109609]
[0.52159465]
[0.48433834]
[0.44794085]
[0.41640618]
[0.39078565]
[0.37083235]
[0.35555547]
[0.34364968]
[0.33369249]
[0.32619499]
[0.32118048]
[0.31824742]
[0.31605576]
[0.31605751]
[0.31625008]
[0.31522995]
[0.31515474]
[0.31492789]
[0.31593267]
[0.31748633]
[0.3200216]
[0.31985102]
[0.31880784]
[0.31922063]
[0.32012376]
[0.3217766]
[0.32291367]
[0.32081988]
[0.31858197]
[0.31873366]
[0.3191016]
[0.31974527]
[0.31556977]
[0.31290236]
[0.31089534]
[0.31005116]
[0.30911912]
[0.30527582]
[0.29947707]
[0.29625316]
[0.29376895]
[0.29121142]
[0.28744341]
[0.27959425]
[0.27425391]
[0.26981935]
[0.26562741]
[0.26104124]
[0.25265997]
[0.24568737]
[0.23989485]
[0.23412451]
[0.22809195]
[0.22141027]
[0.21297506]
[0.20577973]
[0.19922468]
[0.19273628]
[0.18625222]
[0.17935439]
[0.17208341]
[0.16487378]
[0.15824621]
[0.1519914]
[0.14567755]
[0.13976308]
[0.13350902]
[0.1270166]
[0.1212816]
[0.11510877]
[0.10926381]
[0.10381999]
