[0.00057966]
[0.17692667]
[0.20791581]
[0.19582701]
[0.19921976]
[0.1842512]
[0.17122757]
[0.15372968]
[0.13670672]
[0.13395636]
[0.13011278]
[0.12631554]
[0.1114329]
[0.10050642]
[0.08937216]
[0.0754867]
[0.06221169]
[0.05083926]
[0.04158564]
[0.03410672]
[0.02806684]
[0.02302714]
[0.01905526]
[0.01585859]
[0.01317432]
[0.01099826]
[0.00919603]
[0.00764011]
[0.00631448]
[0.00509442]
[0.00394867]
[0.0029182]
[0.0018784]
[0.00089554]
[-0.00012736]
[-0.00111649]
[-0.0021742]
[-0.00318574]
[-0.00430514]
[-0.00536892]
[-0.00657037]
[-0.00781386]
[-0.00905758]
[-0.01036357]
[-0.01170044]
[-0.01301196]
[-0.01437018]
[-0.01570041]
[-0.01696079]
[-0.01832483]
[-0.01951531]
[-0.02083191]
[-0.02183776]
[-0.02286895]
[-0.02363715]
[-0.02415916]
[-0.02454134]
[-0.02441813]
[-0.02421542]
[-0.02358978]
[-0.02284012]
[-0.02178631]
[-0.02030218]
[-0.01868352]
[-0.016779]
[-0.01453522]
[-0.01188183]
[-0.00882724]
[-0.00554459]
[-0.00201891]
[0.00181201]
[0.00598174]
[0.01042049]
[0.01545468]
[0.01998916]
[0.02523642]
[0.02988536]
[0.03550098]
[0.04230202]
[0.05046933]
[0.05562284]
[0.06450131]
[0.07040738]
[0.07888371]
[0.08656704]
[0.09344418]
[0.10133002]
[0.10942131]
[0.11592454]
[0.21831659]
[0.25829127]
[0.27246508]
[0.27594291]
[0.28381767]
[0.28406213]
[0.28456141]
[0.28188597]
[0.28163927]
[0.28542774]
[0.28668641]
[0.28349668]
[0.28271933]
[0.283392]
[0.28327182]
[0.28257342]
[0.28190934]
[0.27958849]
[0.2759661]
[0.27054149]
[0.26869923]
[0.26586541]
[0.26344569]
[0.26280806]
[0.26175743]
[0.26107132]
[0.26298704]
[0.26418144]
[0.26600141]
[0.26816066]
[0.27088463]
[0.27239788]
[0.27367971]
[0.27499523]
[0.2766758]
[0.27917764]
[0.28183823]
[0.28400802]
[0.28609571]
[0.28701069]
[0.28786611]
[0.28817971]
[0.29028999]
[0.29220985]
[0.29485441]
[0.29644066]
[0.294834]
[0.2953395]
[0.29574648]
[0.29701822]
[0.29887498]
[0.30005096]
[0.29798877]
[0.29673949]
[0.29781907]
[0.29876622]
[0.30004484]
[0.30048221]
[0.29770843]
[0.29578361]
[0.29543153]
[0.29593095]
[0.29675119]
[0.29475367]
[0.29163153]
[0.29009372]
[0.28974436]
[0.28989668]
[0.28923576]
[0.28545199]
[0.28256005]
[0.28111521]
[0.28045825]
[0.28018519]
[0.27868653]
[0.27417155]
[0.27054521]
[0.2683686]
[0.26693776]
[0.26585663]
[0.26207403]
[0.25741873]
[0.25492062]
[0.25253633]
[0.25058054]
[0.24896906]
[0.24490958]
[0.23992436]
[0.23703376]
[0.23428507]
[0.23222449]
[0.23010434]
[0.2256718]
[0.22193093]
[0.21832634]
[0.21653075]
[0.21447256]
[0.2134864]
[0.2105569]
[0.20412132]
[0.19852287]
[0.19403731]
[0.09441063]
[0.0484865]
[0.032267]
[0.02590468]
[0.02896918]
[0.03144096]
[0.03388391]
[0.03789185]
[0.04471006]
[0.04849833]
[0.05148704]
[0.05147718]
[0.05352543]
[0.05638911]
[0.06023282]
[0.06754676]
[0.06950413]
[0.07292859]
[0.07703191]
[0.08176814]
[0.08443113]
[0.08511239]
[0.08532555]
[0.08393658]
[0.08179308]
[0.07956641]
[0.07656255]
[0.07315427]
[0.06960723]
[0.0655373]
[0.06124999]
[0.05649717]
[0.0526012]
[0.04895011]
[0.04452036]
[0.03895383]
[0.03358532]
[0.02942132]
[0.02535286]
[-0.08388116]
[-0.13275706]
[-0.14866049]
[-0.15532131]
[-0.15336824]
[-0.15219989]
[-0.1514822]
[-0.1464104]
[-0.14403141]
[-0.14252865]
[-0.14109441]
[-0.13958149]
[-0.13773121]
[-0.13556197]
[-0.13244012]
[-0.1261708]
[-0.12300976]
[-0.12057505]
[-0.11773365]
[-0.11583761]
[-0.11488932]
[-0.11602884]
[-0.11709307]
[-0.11891266]
[-0.12216191]
[-0.12502094]
[-0.12808122]
[-0.13158474]
[-0.13420794]
[-0.13630725]
[-0.1388204]
[-0.1400952]
[-0.14236361]
[-0.14325734]
[-0.14410394]
[-0.14511525]
[-0.14537078]
[-0.14502682]
[-0.14430315]
[-0.14246873]
[-0.14085933]
[-0.13812341]
[-0.13584678]
[-0.13237413]
[-0.1291227]
[-0.12490861]
[-0.12075203]
[-0.11578844]
[-0.10996592]
[-0.10405073]
[-0.09699299]
[-0.08987152]
[-0.08248303]
[-0.07386045]
[-0.06573105]
[-0.05679627]
[-0.04727403]
[-0.03733974]
[-0.02678064]
[-0.01663115]
[-0.0046704]
[0.00697129]
[0.01929815]
[0.03203726]
[0.04386062]
[0.05701782]
[0.06994878]
[0.08140282]
[0.09455852]
[0.1051394]
[0.11758424]
[0.12941936]
[0.13921419]
[0.14831764]
[0.16433325]
[0.1747194]
[0.1859871]
[0.31309247]
[0.36037358]
[0.38065874]
[0.38889992]
[0.38980897]
[0.38551321]
[0.38386918]
[0.38315694]
[0.37967784]
[0.37738777]
[0.37146071]
[0.36929708]
[0.36479339]
[0.36141763]
[0.35910779]
[0.35625267]
[0.35243939]
[0.34639707]
[0.34052277]
[0.33680711]
[0.3344855]
[0.33385235]
[0.33118643]
[0.32801811]
[0.32670654]
[0.32627062]
[0.32688779]
[0.32716758]
[0.32426255]
[0.32130568]
[0.32097618]
[0.3210326]
[0.32142829]
[0.31687405]
[0.31385974]
[0.31167298]
[0.3107455]
[0.30976596]
[0.30577617]
[0.29970088]
[0.29636267]
[0.29387508]
[0.2913364]
[0.28754195]
[0.27944463]
[0.27396889]
[0.26951917]
[0.26533785]
[0.26076541]
[0.25221281]
[0.24508945]
[0.23925126]
[0.23347468]
[0.22744521]
[0.2207277]
[0.21215532]
[0.20486583]
[0.19828116]
[0.19178921]
[0.18531196]
[0.17840345]
[0.17109074]
[0.16382826]
[0.15717655]
[0.15092938]
[0.14463]
[0.13874251]
[0.13249653]
[0.12598939]
[0.12026751]
[0.11408702]
[0.10823731]
[0.10281128]
